ΡΜΕΡΑῊΟ.

3331333331311333313 3331133 3333131331Ι ,
33131 3ο 3313 113333 que 3113 313 marina
do 313οὲ 13 (1331133 1331333313 13 3333 “
33331333 sequaces que han 13 33311131

13313333 3333 13 3333331331 333111. 3333333
a 3113 33333113 de 331 133113 persona
33333 (333 31 amado de amar no perdona-
105 3331 13333 33313313 misma 3331333
amor nos conduxo 3333 3331333 331133
33 vno juntadou 3 3133133 133 133313
dende 3331333 33 vno 33133333 131 3333313 Δ
quel modo 333 3133313 313 13 33133133

11⁰ Baxe 13 mi 3333 3331313313311313
33313133 personas de 333133 3133133

’ 13113 33331133 3133313 que 3133133
333 33 do 13 3133131333333 33331313
3 quanto 33 31133331 31333 3111331313
3313133113 13333313 13 113313313313113 ,
quan dulces 3131333 13333333 31 33113

’ ⁴ 3133313 enos 33333333 3333113333 13 31313

1131313313 33331133 31313333 31313133
115 13 dixe francisca [33333313 1333333313
333 11333333 1333 mi ’33313 13133313313
13 131113 3333331113 333 133333 3113333
mas dimo 11 3331133 el 1133333 313333
3 33333 31333313 313113113 amur
dudofos deseos 3131 131 33333133

3333333 tubum 1313 33313333 cogni

13311133333133333313 mas 33333 dolor
333 31133 31 que 33 333113 33 31133331333313
· 3333 3113333 3333313313 33 333311333113313
(1311133333 131133 33 que 3113133 333333
111 133 3313313133 (1313311333 amor
333 13 quietes 131333 3 do 131 dementum
113333133333133313 33333 13 3111333
que 3113 3333131333 3 333 3313 3333

 

